-106.4797   21.2508
-106.4726   21.1354
-106.4749   21.0526
-106.4725   21.0134
-106.4748   20.9414
-106.4771   20.8694
-106.4864   20.7821
-106.4887   20.6882
-106.4980   20.6008
-106.4886   20.5177
-106.4768   20.4281
-106.4558   20.3361
-106.4207   20.2464
-106.3926   20.1390
-106.3622   20.0162
-106.3177   19.9131
-106.2757   19.8340
-106.1985   19.7154
-106.0957   19.5549
-106.0630   19.4867
-106.0092   19.4207
-105.9298   19.3370
-105.8597   19.2710
-105.7779   19.2159
-105.6821   19.1586
-105.5934   19.1013
-105.5396   19.0682
-105.4696   19.0263
-105.4065   18.9822
-105.3504   18.9381
-105.2873   18.9027
-105.2126   18.8498
-105.1565   18.8034
-105.0818   18.7614
-105.0000   18.6951
-104.9462   18.6310
-104.8948   18.5624
-104.8411   18.4982
-104.7943   18.4407
-104.7430   18.4053
-104.6822   18.3388
-104.6331   18.2856
-104.5958   18.2524
-104.5280   18.1881
-104.4743   18.1349
-104.4065   18.0706
-104.3411   18.0284
-104.2640   17.9885
-104.1169   17.9397
-104.0211   17.9020
-103.9230   17.8776
-103.7782   17.8154
-103.6848   17.7777
-103.5330   17.7044
-103.4278   17.6622
-103.3251   17.6133
-103.2083   17.5532
-103.0892   17.4976
-102.9513   17.4175
-102.8439   17.3775
-102.7435   17.3329
-102.6243   17.2594
-102.5332   17.2015
-102.4468   17.1547
-102.3767   17.1168
-102.2763   17.0700
-102.1478   17.0254
-101.9540   16.9697
-101.8582   16.9362
-101.7415   16.9073
-101.6527   16.8783
-101.5663   16.8359
-101.4588   16.7912
-101.3584   16.7600
-101.2370   16.7220
-101.1272   16.6706
-101.0081   16.6282
-100.8749   16.5835
-100.7838   16.5455
-100.7021   16.5232
-100.6063   16.4874
-100.5246   16.4651
-100.4522   16.4450
-100.3634   16.4069
-100.2583   16.3622
-100.1626   16.3286
-100.1089   16.3085
-100.0388   16.2749
 -99.9991   16.2592
 -99.9407   16.2369
 -99.9407   16.2369
 -99.7795   16.1944
 -99.6628   16.1540
 -99.5250   16.1070
 -99.3615   16.0465
 -99.2003   15.9748
 -99.0485   15.9030
 -98.8780   15.8357
 -98.7425   15.7931
 -98.5954   15.7348
 -98.4950   15.6989
 -98.3245   15.6405
 -98.1680   15.6024
 -98.0325   15.5755
 -97.9181   15.5485
 -97.8410   15.5126
 -97.7663   15.4811
 -97.6261   15.4204
 -97.5117   15.3822
 -97.3646   15.3395
 -97.2244   15.3013
 -97.1007   15.2789
 -96.9769   15.2609
 -96.8484   15.2542
 -96.7060   15.2543
 -96.6266   15.2566
 -96.5916   15.2634
 -96.3955   15.2747
 -96.2250   15.2884
 -96.1269   15.2884
 -95.9518   15.2727
 -95.7930   15.2345
 -95.6622   15.1941
 -95.5571   15.1400
 -95.4660   15.0905
 -95.3889   15.0545
 -95.3258   15.0184 
 -95.3118   15.0071
 -95.3048   14.9981
 -95.2324   14.9508
 -95.1553   14.9147
 -95.0549   14.8606
 -94.9474   14.8020
 -94.8329   14.7253
 -94.7255   14.6553
 -94.6227   14.5831
 -94.5246   14.4950
 -94.4311   14.4114
 -94.3027   14.3278
 -94.2022   14.2848
 -94.0574   14.2193
 -93.9266   14.1492
 -93.8752   14.1130
 -93.8098   14.0722
 -93.7117   14.0157
 -93.6066   13.9659
 -93.4618   13.8934
 -93.3286   13.8323
 -93.2165   13.7825
 -93.0974   13.7304
 -93.0250   13.6941
 -92.9783   13.6737
 -92.9035   13.6170
 -92.8357   13.5581
 -92.7563   13.5127
 -92.6699   13.4810
 -92.5601   13.4379
 -92.4994   13.4084
 -92.4387   13.3652
 -92.3663   13.3198
 -92.2728   13.2699
 -92.1630   13.2109
 -92.1303   13.1973
 -92.0112   13.1427
 -91.8664   13.0837
 -91.7333   13.0292
 -91.5978   12.9633
 -91.4763   12.8996
 -91.3759   12.8382
 -91.2544   12.7745
 -91.1213   12.7199
 -91.0115   12.6722
 -90.9157   12.6267
 -90.8130   12.5811
 -90.6728   12.5197
 -90.5584   12.4696
 -90.4650   12.4377
 -90.3388   12.3876
 -90.2127   12.3444
 -90.1030   12.3102
 -90.0376   12.2920
 -90.0049   12.2783
 -89.9395   12.2578
 -89.7993   12.2100
 -89.6615   12.1827
 -89.5448   12.1439
 -89.4256   12.0869
 -89.2902   12.0322
 -89.1851   12.0003
 -89.0473   11.9661
 -88.8885   11.9091
 -88.7997   11.8680
 -88.6993   11.8178
 -88.6152   11.7698
 -88.4820   11.7013
 -88.3956   11.6648
 -88.3442   11.6396
 -88.2251   11.5825
 -88.1317   11.5300
 -88.0172   11.4705
 -87.9191   11.4157
 -87.8280   11.3493
 -87.7369   11.2853
 -87.6575   11.2189
 -87.5523   11.1411
 -87.4496   11.0793
 -87.3491   11.0037
 -87.2627   10.9304
 -87.2159   10.8662
 -87.1552   10.7676
  -87.1481   10.7584
 -87.1435   10.7401
 -87.0780   10.6575
 -87.0056   10.5841
 -86.9378   10.5084
 -86.8607   10.4304
 -86.8000   10.3454
 -86.7415   10.2628
 -86.6714   10.1571
 -86.6107   10.0675
 -86.5149    9.9847
 -86.4191    9.9043
 -86.3163    9.8238
 -86.2182    9.7296
 -86.1364    9.6559
 -86.0406    9.5616
 -85.9915    9.4764
 -85.9798    9.4327
 -85.9588    9.4050
 -85.8583    9.2922
 -85.7695    9.2116
 -85.6364    9.1402
 -85.4869    9.0803
 -85.3561    9.0251
 -85.2487    8.9882
 -85.0805    8.9330
 -84.9334    8.8685
 -84.8236    8.8224
 -84.7302    8.7878
 -84.6671    8.7625
 -84.5807    8.7256
 -84.5176    8.6910
 -84.4639    8.6495
 -84.3915    8.6010
 -84.3120    8.5411
 -84.2186    8.4718
 -84.0855    8.4095
 -83.9967    8.3657
 -83.8893    8.3057
 -83.7841    8.2387
 -83.6930    8.1810
 -83.5879    8.1140
 -83.4968    8.0563
 -83.3753    7.9778
 -83.2609    7.8923
 -83.1931    7.8298
 -83.1020    7.7327
 -82.9945    7.6495
 -82.9174    7.5847
 -82.8357    7.5292
 -82.7375    7.4459
 -82.6394    7.3626
 -82.5109    7.2770
 -82.3965    7.2052
 -82.3568    7.1728
 -82.2540    7.1080